3,1,590.00,447.00,39.00,113.00,1
3,2,495.00,431.00,31.00,128.00,1
3,3,286.00,362.00,40.00,165.00,1
4,1,590.00,449.00,41.00,114.00,1
4,2,489.00,429.00,35.00,129.00,1
4,3,278.00,362.00,52.00,165.00,1
5,1,593.00,450.00,42.00,116.00,1
5,2,487.00,431.00,36.00,128.00,1
5,3,278.00,363.00,51.00,166.00,1
6,1,598.00,451.00,40.00,116.00,1
6,2,482.00,432.00,40.00,126.00,1
6,3,282.00,364.00,52.00,166.00,1
7,1,603.00,451.00,39.00,115.00,1
7,2,477.00,432.00,39.00,124.00,1
7,3,282.00,365.00,56.00,166.00,1
8,1,608.00,450.00,39.00,113.00,1
8,2,475.00,430.00,40.00,123.00,1
8,3,286.00,365.00,54.00,164.00,1
9,1,616.00,451.00,33.00,108.00,1
9,2,468.00,430.00,35.00,120.00,1
9,3,289.00,363.00,52.00,165.00,1
10,1,617.00,449.00,32.00,106.00,1
10,2,463.00,430.00,38.00,120.00,1
10,3,293.00,365.00,55.00,159.00,1
11,1,616.00,446.00,42.00,107.00,1
11,2,464.00,427.00,40.00,121.00,1
11,3,289.00,369.00,56.00,163.00,1
12,1,618.00,446.00,46.00,108.00,1
12,2,467.00,426.00,41.00,123.00,1
12,3,287.00,371.00,56.00,174.00,1
13,1,619.00,446.00,51.00,108.00,1
13,2,475.00,427.00,38.00,123.00,1
13,3,282.00,371.00,60.00,180.00,1
14,1,619.00,444.00,53.00,109.00,1
14,2,476.00,427.00,41.00,124.00,1
14,3,277.00,372.00,61.00,176.00,1
15,1,624.00,443.00,50.00,110.00,1
15,2,477.00,426.00,37.00,123.00,1
15,3,280.00,370.00,59.00,178.00,1
16,1,627.00,441.00,49.00,107.00,1
16,2,480.00,426.00,32.00,123.00,1
16,3,284.00,370.00,55.00,174.00,1
17,1,630.00,441.00,49.00,106.00,1
17,2,478.00,428.00,35.00,122.00,1
17,3,284.00,369.00,58.00,175.00,1
18,1,635.00,438.00,45.00,107.00,1
18,2,477.00,428.00,40.00,122.00,1
18,3,283.00,368.00,55.00,176.00,1
19,1,639.00,437.00,44.00,101.00,1
19,2,479.00,429.00,36.00,122.00,1
19,3,283.00,367.00,60.00,175.00,1
20,1,639.00,435.00,43.00,100.00,1
20,2,476.00,427.00,39.00,124.00,1
20,3,274.00,368.00,63.00,182.00,1
21,1,639.00,432.00,46.00,101.00,1
21,2,479.00,429.00,36.00,122.00,1
21,3,281.00,369.00,61.00,186.00,1
22,1,639.00,431.00,45.00,102.00,1
22,2,476.00,427.00,39.00,124.00,1
22,3,275.00,368.00,64.00,185.00,1
23,1,636.00,429.00,45.00,103.00,1
23,2,475.00,426.00,41.00,125.00,1
23,3,264.00,370.00,69.00,182.00,1
24,1,629.00,430.00,48.00,104.00,1
24,2,477.00,426.00,41.00,125.00,1
24,3,272.00,371.00,63.00,186.00,1
25,1,629.00,428.00,43.00,103.00,1
25,2,478.00,428.00,43.00,126.00,1
25,3,279.00,370.00,62.00,193.00,1
26,1,629.00,427.00,41.00,101.00,1
26,2,479.00,427.00,39.00,125.00,1
26,3,279.00,372.00,63.00,189.00,1
27,1,627.00,427.00,40.00,98.00,1
27,2,478.00,428.00,41.00,126.00,1
27,3,275.00,374.00,64.00,188.00,1
28,1,625.00,426.00,34.00,94.00,1
28,2,479.00,428.00,42.00,126.00,1
28,3,270.00,372.00,63.00,185.00,1
29,1,622.00,425.00,38.00,90.00,1
29,2,479.00,429.00,43.00,126.00,1
29,3,268.00,371.00,60.00,189.00,1
30,1,622.00,422.00,39.00,92.00,1
30,2,482.00,430.00,39.00,124.00,1
30,3,266.00,372.00,68.00,192.00,1
31,1,622.00,420.00,38.00,93.00,1
31,2,483.00,430.00,38.00,123.00,1
31,3,270.00,371.00,68.00,191.00,1
32,1,620.00,418.00,34.00,93.00,1
32,2,485.00,430.00,36.00,123.00,1
32,3,266.00,373.00,71.00,198.00,1
33,1,620.00,418.00,34.00,93.00,1
33,2,486.00,430.00,38.00,123.00,1
33,3,272.00,373.00,67.00,202.00,1
34,2,481.00,430.00,43.00,123.00,1
34,3,277.00,375.00,61.00,200.00,1
35,1,613.00,421.00,32.00,92.00,1
35,2,482.00,430.00,46.00,123.00,1
35,3,272.00,374.00,69.00,210.00,1
36,1,609.00,420.00,32.00,92.00,1
36,2,486.00,430.00,41.00,125.00,1
36,3,273.00,376.00,68.00,210.00,1
37,1,608.00,418.00,30.00,93.00,1
37,2,482.00,433.00,49.00,122.00,1
37,3,277.00,377.00,65.00,208.00,1
38,1,606.00,418.00,30.00,93.00,1
38,2,481.00,434.00,53.00,122.00,1
38,3,280.00,377.00,64.00,204.00,1
39,1,600.00,417.00,36.00,91.00,1
39,2,484.00,434.00,51.00,122.00,1
39,3,277.00,377.00,65.00,204.00,1
40,1,600.00,417.00,36.00,91.00,1
40,2,488.00,433.00,46.00,123.00,1
40,3,280.00,377.00,66.00,200.00,1
41,1,593.00,416.00,33.00,86.00,1
41,2,486.00,434.00,52.00,121.00,1
41,3,285.00,376.00,66.00,203.00,1
42,1,592.00,414.00,32.00,83.00,1
42,2,486.00,435.00,53.00,121.00,1
42,3,280.00,376.00,71.00,211.00,1
43,1,590.00,412.00,30.00,83.00,1
43,2,488.00,434.00,53.00,123.00,1
43,3,283.00,379.00,74.00,215.00,1
44,1,585.00,410.00,34.00,85.00,1
44,2,490.00,437.00,56.00,122.00,1
44,3,286.00,382.00,73.00,212.00,1
45,1,582.00,411.00,33.00,86.00,1
45,2,493.00,436.00,52.00,122.00,1
45,3,284.00,384.00,76.00,216.00,1
46,1,581.00,410.00,31.00,85.00,1
46,2,500.00,435.00,46.00,123.00,1
46,3,287.00,384.00,71.00,215.00,1
47,1,577.00,410.00,34.00,86.00,1
47,2,501.00,438.00,50.00,120.00,1
47,3,294.00,386.00,64.00,213.00,1
48,1,574.00,410.00,33.00,85.00,1
48,2,501.00,440.00,52.00,122.00,1
48,3,298.00,388.00,61.00,212.00,1
49,1,571.00,410.00,33.00,86.00,1
49,2,511.00,438.00,44.00,123.00,1
49,3,290.00,386.00,68.00,213.00,1
50,1,570.00,410.00,27.00,82.00,1
50,2,511.00,438.00,44.00,123.00,1
50,3,297.00,388.00,57.00,210.00,1
51,1,570.00,410.00,27.00,82.00,1
51,3,299.00,387.00,58.00,209.00,1
52,3,299.00,389.00,68.00,208.00,1
53,2,526.00,435.00,41.00,126.00,1
53,3,294.00,392.00,73.00,208.00,1
54,2,528.00,437.00,46.00,126.00,1
54,3,295.00,395.00,91.00,203.00,1
55,2,528.00,435.00,50.00,125.00,1
55,3,296.00,398.00,80.00,202.00,1
56,1,527.00,436.00,62.00,124.00,1
56,2,528.00,435.00,50.00,125.00,1
56,3,297.00,400.00,81.00,200.00,1
57,1,526.00,436.00,68.00,123.00,1
57,3,300.00,400.00,81.00,199.00,1
58,1,526.00,440.00,74.00,127.00,1
58,3,305.00,402.00,81.00,198.00,1
59,1,527.00,440.00,67.00,126.00,1
59,3,322.00,400.00,68.00,199.00,1
60,1,534.00,440.00,64.00,125.00,1
60,3,336.00,398.00,62.00,201.00,1
61,1,542.00,440.00,56.00,123.00,1
61,2,517.00,402.00,30.00,74.00,1
61,3,340.00,396.00,75.00,203.00,1
62,1,558.00,442.00,42.00,122.00,1
62,2,517.00,402.00,30.00,74.00,1
62,3,341.00,398.00,92.00,202.00,1
63,1,567.00,439.00,38.00,125.00,1
63,3,338.00,400.00,106.00,200.00,1
64,1,567.00,438.00,48.00,126.00,1
64,3,344.00,402.00,110.00,197.00,1
65,1,569.00,436.00,55.00,127.00,1
65,2,495.00,400.00,33.00,74.00,1
65,3,344.00,404.00,119.00,195.00,1
66,1,572.00,436.00,59.00,127.00,1
66,2,487.00,399.00,38.00,74.00,1
66,3,353.00,408.00,112.00,191.00,1
67,1,576.00,435.00,64.00,129.00,1
67,2,484.00,399.00,38.00,74.00,1
67,3,379.00,412.00,86.00,188.00,1
68,1,580.00,435.00,62.00,127.00,1
68,2,480.00,399.00,40.00,73.00,1
68,3,397.00,414.00,69.00,186.00,1
69,1,583.00,434.00,65.00,127.00,1
69,2,479.00,399.00,38.00,73.00,1
69,3,405.00,414.00,73.00,186.00,1
70,1,583.00,435.00,72.00,128.00,1
70,2,479.00,399.00,38.00,73.00,1
70,3,410.00,412.00,79.00,187.00,1
71,1,599.00,436.00,55.00,122.00,1
71,3,415.00,409.00,86.00,190.00,1
72,1,609.00,436.00,48.00,120.00,1
72,3,414.00,399.00,98.00,200.00,1
73,1,616.00,434.00,45.00,123.00,1
73,3,425.00,414.00,97.00,186.00,1
74,1,623.00,432.00,46.00,125.00,1
74,3,438.00,416.00,89.00,183.00,1
75,1,623.00,431.00,51.00,121.00,1
75,3,448.00,422.00,85.00,178.00,1
76,1,624.00,431.00,56.00,121.00,1
76,3,460.00,422.00,77.00,178.00,1
77,1,625.00,432.00,61.00,120.00,1
77,3,472.00,422.00,76.00,178.00,1
78,1,628.00,432.00,63.00,119.00,1
78,2,438.00,396.00,33.00,68.00,1
78,3,485.00,420.00,71.00,179.00,1
79,1,631.00,433.00,63.00,119.00,1
79,2,438.00,396.00,33.00,68.00,1
79,3,498.00,422.00,78.00,178.00,1
80,1,637.00,434.00,62.00,118.00,1
80,3,506.00,420.00,90.00,179.00,1
81,1,654.00,435.00,49.00,116.00,1
81,2,511.00,422.00,105.00,178.00,1
81,3,506.00,420.00,90.00,179.00,1
82,1,663.00,433.00,43.00,118.00,1
82,2,521.00,427.00,115.00,171.00,1
83,1,668.00,432.00,51.00,119.00,1
83,2,539.00,432.00,117.00,167.00,1
84,1,672.00,431.00,56.00,119.00,1
84,2,556.00,438.00,112.00,162.00,1
85,1,673.00,430.00,63.00,119.00,1
85,2,556.00,438.00,112.00,162.00,1
85,3,570.00,442.00,96.00,157.00,1
86,1,677.00,429.00,65.00,122.00,1
86,3,587.00,444.00,88.00,156.00,1
87,1,683.00,429.00,64.00,122.00,1
87,3,593.00,444.00,94.00,156.00,1
88,1,686.00,428.00,63.00,121.00,1
88,3,600.00,444.00,95.00,155.00,1
89,1,698.00,429.00,56.00,114.00,1
89,3,610.00,446.00,98.00,154.00,1
90,1,703.00,429.00,55.00,114.00,1
90,3,620.00,448.00,98.00,151.00,1
91,1,703.00,429.00,55.00,114.00,1
91,2,632.00,454.00,104.00,145.00,1
91,3,620.00,448.00,98.00,151.00,1
92,2,648.00,460.00,108.00,139.00,1
93,2,648.00,460.00,108.00,139.00,1
93,3,667.00,444.00,108.00,155.00,1
94,2,686.00,468.00,111.00,132.00,1
94,3,667.00,444.00,108.00,155.00,1
94,4,375.00,389.00,29.00,66.00,1
95,1,706.00,468.00,93.00,131.00,1
95,2,686.00,468.00,111.00,132.00,1
95,4,370.00,389.00,31.00,64.00,1
96,1,724.00,470.00,76.00,129.00,1
96,4,368.00,389.00,30.00,63.00,1
97,1,724.00,470.00,76.00,129.00,1
97,3,744.00,468.00,56.00,131.00,1
97,4,365.00,389.00,26.00,64.00,1
98,2,728.00,427.00,57.00,112.00,1
98,3,744.00,468.00,56.00,131.00,1
98,4,361.00,391.00,24.00,62.00,1
