3,1,272.00,373.00,50.00,182.00,1
3,2,136.00,352.00,43.00,142.00,1
3,3,195.00,368.00,54.00,178.00,1
4,1,273.00,373.00,49.00,182.00,1
4,2,131.00,352.00,45.00,142.00,1
4,3,195.00,368.00,52.00,178.00,1
5,1,276.00,371.00,48.00,181.00,1
5,2,135.00,352.00,37.00,142.00,1
5,3,193.00,368.00,51.00,180.00,1
6,1,277.00,372.00,51.00,182.00,1
6,2,141.00,352.00,31.00,140.00,1
6,3,188.00,368.00,55.00,184.00,1
7,1,276.00,370.00,57.00,183.00,1
7,2,140.00,352.00,38.00,139.00,1
7,3,184.00,369.00,58.00,186.00,1
8,1,275.00,372.00,61.00,184.00,1
8,2,140.00,351.00,44.00,137.00,1
8,3,177.00,368.00,63.00,189.00,1
9,1,277.00,372.00,61.00,185.00,1
9,2,141.00,352.00,48.00,134.00,1
9,3,172.00,371.00,67.00,190.00,1
10,1,280.00,373.00,57.00,186.00,1
10,2,141.00,352.00,48.00,134.00,1
10,3,159.00,374.00,81.00,194.00,1
11,1,285.00,375.00,56.00,184.00,1
11,3,140.00,379.00,103.00,191.00,1
12,1,292.00,375.00,58.00,190.00,1
12,3,140.00,379.00,99.00,189.00,1
13,1,296.00,376.00,64.00,194.00,1
13,3,143.00,378.00,90.00,190.00,1
14,1,296.00,376.00,73.00,200.00,1
14,3,138.00,380.00,82.00,188.00,1
15,1,299.00,376.00,77.00,203.00,1
15,3,142.00,380.00,56.00,188.00,1
16,1,301.00,377.00,81.00,206.00,1
16,2,173.00,355.00,34.00,120.00,1
16,3,132.00,376.00,58.00,189.00,1
17,1,304.00,378.00,81.00,210.00,1
17,2,173.00,355.00,34.00,120.00,1
17,3,111.00,377.00,79.00,190.00,1
18,1,309.00,381.00,78.00,210.00,1
18,2,179.00,349.00,40.00,127.00,1
18,3,78.00,379.00,114.00,194.00,1
19,1,313.00,381.00,73.00,216.00,1
19,2,178.00,349.00,49.00,126.00,1
19,3,55.00,380.00,136.00,199.00,1
20,1,314.00,384.00,70.00,216.00,1
20,2,177.00,350.00,68.00,124.00,1
20,3,55.00,384.00,128.00,212.00,1
21,1,311.00,384.00,67.00,213.00,1
21,2,177.00,351.00,75.00,122.00,1
21,3,67.00,387.00,103.00,212.00,1
22,1,306.00,384.00,70.00,211.00,1
22,2,180.00,351.00,73.00,122.00,1
22,3,73.00,388.00,82.00,211.00,1
23,1,295.00,386.00,75.00,213.00,1
23,2,185.00,350.00,68.00,121.00,1
23,3,56.00,391.00,94.00,208.00,1
24,1,287.00,388.00,80.00,212.00,1
24,2,194.00,351.00,58.00,120.00,1
24,3,44.00,392.00,100.00,208.00,1
25,1,285.00,388.00,84.00,212.00,1
25,2,194.00,351.00,58.00,120.00,1
25,3,29.00,390.00,106.00,209.00,1
26,1,291.00,388.00,77.00,212.00,1
26,2,219.00,349.00,37.00,115.00,1
26,3,18.00,390.00,107.00,209.00,1
27,1,280.00,390.00,87.00,210.00,1
27,2,225.00,348.00,39.00,118.00,1
27,3,2.00,390.00,127.00,209.00,1
28,1,272.00,392.00,91.00,208.00,1
28,2,226.00,348.00,46.00,118.00,1
28,3,0.00,392.00,130.00,208.00,1
29,1,270.00,394.00,87.00,206.00,1
29,2,224.00,348.00,53.00,118.00,1
29,3,0.00,399.00,126.00,199.00,1
30,1,275.00,396.00,83.00,204.00,1
30,2,225.00,348.00,58.00,118.00,1
30,3,0.00,400.00,118.00,199.00,1
31,1,275.00,396.00,74.00,203.00,1
31,2,225.00,349.00,64.00,116.00,1
31,3,0.00,404.00,110.00,195.00,1
32,1,278.00,398.00,76.00,201.00,1
32,2,227.00,348.00,62.00,115.00,1
32,3,0.00,404.00,91.00,195.00,1
33,1,282.00,400.00,62.00,200.00,1
33,2,230.00,347.00,57.00,115.00,1
33,3,0.00,408.00,83.00,192.00,1
34,1,274.00,400.00,71.00,200.00,1
34,2,236.00,347.00,50.00,115.00,1
34,3,0.00,410.00,69.00,190.00,1
35,1,267.00,400.00,78.00,200.00,1
35,2,240.00,345.00,48.00,117.00,1
35,3,0.00,410.00,62.00,189.00,1
36,1,266.00,402.00,77.00,198.00,1
36,2,240.00,345.00,48.00,117.00,1
36,3,0.00,414.00,47.00,186.00,1
37,1,262.00,400.00,83.00,199.00,1
37,3,0.00,414.00,47.00,186.00,1
38,1,266.00,404.00,78.00,196.00,1
38,3,265.00,343.00,30.00,112.00,1
39,1,266.00,404.00,78.00,196.00,1
39,3,265.00,343.00,30.00,112.00,1
40,1,256.00,408.00,65.00,192.00,1
41,1,245.00,414.00,73.00,186.00,1
42,1,231.00,416.00,96.00,184.00,1
42,3,289.00,345.00,36.00,101.00,1
43,1,224.00,416.00,97.00,184.00,1
43,3,289.00,345.00,36.00,101.00,1
44,1,213.00,416.00,107.00,184.00,1
45,1,200.00,416.00,117.00,183.00,1
46,1,199.00,418.00,122.00,182.00,1
46,3,300.00,341.00,34.00,107.00,1
47,1,194.00,420.00,120.00,179.00,1
47,3,298.00,341.00,40.00,107.00,1
48,1,192.00,422.00,116.00,177.00,1
48,3,298.00,342.00,46.00,106.00,1
49,1,194.00,424.00,115.00,175.00,1
49,3,299.00,344.00,49.00,104.00,1
50,1,198.00,426.00,99.00,173.00,1
50,3,300.00,345.00,54.00,102.00,1
51,1,202.00,428.00,87.00,172.00,1
51,3,305.00,343.00,50.00,103.00,1
52,1,204.00,430.00,75.00,170.00,1
52,3,309.00,343.00,46.00,102.00,1
53,1,198.00,430.00,72.00,169.00,1
53,3,309.00,343.00,46.00,102.00,1
54,1,189.00,432.00,69.00,168.00,1
54,3,325.00,340.00,29.00,101.00,1
55,1,188.00,432.00,83.00,167.00,1
55,3,330.00,339.00,28.00,101.00,1
56,1,182.00,434.00,101.00,166.00,1
56,3,330.00,338.00,33.00,102.00,1
57,1,187.00,436.00,84.00,164.00,1
57,3,331.00,340.00,42.00,100.00,1
58,1,189.00,438.00,74.00,161.00,1
58,3,330.00,341.00,49.00,100.00,1
59,1,178.00,442.00,77.00,158.00,1
59,3,332.00,340.00,50.00,100.00,1
60,1,164.00,444.00,90.00,156.00,1
60,3,332.00,341.00,48.00,100.00,1
61,1,151.00,444.00,100.00,155.00,1
61,3,338.00,340.00,44.00,100.00,1
62,1,137.00,446.00,112.00,153.00,1
62,3,348.00,341.00,34.00,94.00,1
63,1,123.00,448.00,119.00,152.00,1
63,3,354.00,339.00,32.00,93.00,1
64,1,104.00,448.00,132.00,152.00,1
64,3,358.00,338.00,33.00,95.00,1
65,1,89.00,450.00,137.00,150.00,1
65,3,362.00,338.00,36.00,95.00,1
66,1,89.00,450.00,137.00,150.00,1
66,3,361.00,338.00,39.00,95.00,1
67,1,66.00,458.00,131.00,142.00,1
67,3,362.00,338.00,42.00,95.00,1
68,1,80.00,458.00,98.00,141.00,1
68,3,362.00,338.00,43.00,95.00,1
69,1,76.00,460.00,108.00,140.00,1
69,3,363.00,339.00,44.00,93.00,1
70,1,78.00,460.00,93.00,139.00,1
70,3,363.00,338.00,43.00,95.00,1
71,1,70.00,462.00,85.00,137.00,1
71,3,367.00,339.00,39.00,94.00,1
72,1,62.00,464.00,83.00,136.00,1
72,3,370.00,338.00,38.00,94.00,1
73,1,50.00,464.00,87.00,136.00,1
73,3,370.00,338.00,38.00,94.00,1
74,1,39.00,466.00,88.00,134.00,1
74,3,387.00,335.00,24.00,93.00,1
75,1,24.00,468.00,94.00,131.00,1
75,3,387.00,336.00,25.00,92.00,1
76,1,6.00,474.00,99.00,126.00,1
76,3,386.00,336.00,35.00,92.00,1
77,1,0.00,480.00,90.00,120.00,1
77,3,387.00,337.00,41.00,90.00,1
78,1,0.00,484.00,73.00,115.00,1
78,3,389.00,336.00,39.00,89.00,1
79,1,0.00,492.00,51.00,107.00,1
79,3,392.00,336.00,37.00,89.00,1
80,1,0.00,492.00,51.00,107.00,1
80,3,397.00,337.00,31.00,87.00,1
81,3,405.00,337.00,26.00,86.00,1
82,3,408.00,336.00,26.00,86.00,1
83,3,411.00,335.00,28.00,87.00,1
84,3,409.00,335.00,31.00,87.00,1
85,3,410.00,336.00,36.00,86.00,1
86,3,411.00,336.00,38.00,86.00,1
87,3,412.00,337.00,38.00,84.00,1
88,3,414.00,337.00,37.00,84.00,1
89,3,415.00,336.00,37.00,85.00,1
90,3,421.00,337.00,32.00,82.00,1
91,3,425.00,336.00,27.00,82.00,1
92,3,425.00,336.00,27.00,82.00,1
93,3,431.00,333.00,26.00,83.00,1
94,3,433.00,333.00,30.00,83.00,1
95,3,433.00,333.00,32.00,83.00,1
96,3,432.00,333.00,35.00,83.00,1
97,3,433.00,335.00,33.00,82.00,1
98,3,438.00,334.00,32.00,81.00,1
