3,1,301.00,390.00,50.00,209.00,1
3,2,176.00,449.00,47.00,147.00,1
3,3,541.00,371.00,66.00,186.00,1
4,1,301.00,394.00,55.00,206.00,1
4,2,178.00,449.00,42.00,145.00,1
4,3,541.00,370.00,65.00,183.00,1
5,1,302.00,394.00,55.00,206.00,1
5,2,177.00,450.00,39.00,146.00,1
5,3,540.00,368.00,61.00,179.00,1
6,1,302.00,392.00,62.00,208.00,1
6,2,168.00,450.00,35.00,148.00,1
6,3,542.00,368.00,48.00,177.00,1
7,1,302.00,392.00,62.00,208.00,1
7,2,168.00,449.00,35.00,147.00,1
7,3,542.00,368.00,48.00,177.00,1
8,1,302.00,392.00,62.00,208.00,1
8,2,168.00,449.00,35.00,147.00,1
8,3,542.00,368.00,48.00,177.00,1
9,1,301.00,392.00,65.00,207.00,1
9,2,161.00,451.00,46.00,147.00,1
9,3,537.00,368.00,51.00,178.00,1
10,1,302.00,392.00,70.00,208.00,1
10,2,134.00,455.00,78.00,142.00,1
10,3,527.00,369.00,61.00,178.00,1
11,1,306.00,394.00,68.00,206.00,1
11,2,128.00,456.00,86.00,140.00,1
11,3,521.00,369.00,70.00,179.00,1
12,1,338.00,392.00,52.00,207.00,1
12,2,123.00,456.00,69.00,141.00,1
12,3,517.00,371.00,66.00,174.00,1
13,1,338.00,392.00,52.00,207.00,1
13,2,123.00,456.00,70.00,141.00,1
13,3,516.00,370.00,69.00,173.00,1
14,1,338.00,392.00,52.00,207.00,1
14,2,123.00,456.00,70.00,141.00,1
14,3,517.00,370.00,68.00,173.00,1
14,4,285.00,359.00,57.00,154.00,1
15,1,345.00,393.00,58.00,205.00,1
15,2,123.00,455.00,54.00,144.00,1
15,3,517.00,371.00,65.00,174.00,1
15,4,286.00,358.00,55.00,152.00,1
16,1,345.00,392.00,66.00,207.00,1
16,2,116.00,453.00,43.00,143.00,1
16,3,513.00,370.00,63.00,172.00,1
16,4,286.00,358.00,55.00,152.00,1
17,1,346.00,392.00,74.00,207.00,1
17,2,108.00,452.00,43.00,143.00,1
17,3,512.00,366.00,43.00,159.00,1
17,4,288.00,356.00,56.00,149.00,1
18,1,349.00,392.00,78.00,207.00,1
18,2,101.00,452.00,50.00,137.00,1
18,3,502.00,363.00,47.00,164.00,1
18,4,288.00,357.00,46.00,144.00,1
19,1,362.00,394.00,74.00,205.00,1
19,2,93.00,451.00,55.00,138.00,1
19,3,481.00,364.00,68.00,162.00,1
19,4,274.00,355.00,47.00,147.00,1
20,1,362.00,394.00,74.00,205.00,1
20,2,94.00,451.00,53.00,138.00,1
20,3,481.00,364.00,68.00,162.00,1
20,4,274.00,355.00,47.00,147.00,1
21,1,362.00,394.00,74.00,205.00,1
21,2,94.00,451.00,54.00,138.00,1
21,3,481.00,364.00,68.00,162.00,1
21,4,274.00,355.00,47.00,147.00,1
22,1,368.00,396.00,74.00,203.00,1
22,2,77.00,451.00,75.00,129.00,1
22,3,477.00,363.00,70.00,161.00,1
22,4,270.00,355.00,55.00,147.00,1
23,1,376.00,396.00,73.00,203.00,1
23,2,81.00,451.00,58.00,130.00,1
23,3,473.00,363.00,71.00,159.00,1
23,4,271.00,356.00,52.00,147.00,1
24,1,391.00,396.00,71.00,204.00,1
24,2,78.00,447.00,59.00,131.00,1
24,3,473.00,363.00,64.00,157.00,1
24,4,262.00,357.00,59.00,146.00,1
25,1,421.00,393.00,76.00,205.00,1
25,2,74.00,439.00,59.00,136.00,1
25,3,475.00,360.00,40.00,146.00,1
25,4,261.00,357.00,51.00,146.00,1
26,1,421.00,393.00,76.00,205.00,1
26,2,74.00,439.00,59.00,136.00,1
26,3,475.00,360.00,40.00,146.00,1
26,4,261.00,357.00,51.00,146.00,1
27,1,421.00,393.00,76.00,205.00,1
27,2,74.00,439.00,59.00,136.00,1
27,3,475.00,360.00,40.00,146.00,1
27,4,262.00,357.00,50.00,146.00,1
28,1,424.00,394.00,84.00,205.00,1
28,2,68.00,438.00,64.00,135.00,1
28,3,475.00,360.00,40.00,146.00,1
28,4,261.00,354.00,45.00,149.00,1
29,1,429.00,394.00,86.00,206.00,1
29,2,68.00,439.00,60.00,135.00,1
29,4,263.00,354.00,44.00,150.00,1
30,1,435.00,394.00,86.00,205.00,1
30,2,66.00,440.00,60.00,134.00,1
30,4,262.00,353.00,44.00,149.00,1
31,1,457.00,394.00,71.00,205.00,1
31,2,64.00,436.00,56.00,125.00,1
31,4,241.00,353.00,63.00,145.00,1
32,1,457.00,394.00,71.00,205.00,1
32,2,64.00,436.00,56.00,125.00,1
32,4,241.00,353.00,63.00,145.00,1
33,1,472.00,395.00,58.00,204.00,1
33,2,59.00,434.00,58.00,123.00,1
33,4,242.00,356.00,62.00,148.00,1
34,1,475.00,396.00,55.00,204.00,1
34,2,55.00,431.00,58.00,116.00,1
34,3,453.00,356.00,41.00,130.00,1
34,4,239.00,355.00,65.00,149.00,1
35,1,476.00,392.00,59.00,207.00,1
35,2,55.00,428.00,58.00,116.00,1
35,3,449.00,354.00,46.00,133.00,1
35,4,241.00,355.00,63.00,149.00,1
36,1,479.00,394.00,65.00,206.00,1
36,2,55.00,427.00,55.00,115.00,1
36,3,443.00,352.00,44.00,133.00,1
36,4,244.00,355.00,59.00,149.00,1
37,1,481.00,394.00,72.00,206.00,1
37,2,62.00,427.00,46.00,114.00,1
37,3,437.00,351.00,45.00,136.00,1
37,4,246.00,354.00,55.00,147.00,1
38,1,483.00,394.00,76.00,206.00,1
38,2,54.00,426.00,54.00,117.00,1
38,3,433.00,351.00,50.00,135.00,1
38,4,250.00,355.00,47.00,148.00,1
39,1,487.00,396.00,78.00,204.00,1
39,2,51.00,427.00,55.00,113.00,1
39,3,428.00,352.00,53.00,136.00,1
39,4,251.00,353.00,42.00,149.00,1
40,1,488.00,396.00,84.00,203.00,1
40,2,51.00,427.00,55.00,112.00,1
40,3,425.00,353.00,55.00,132.00,1
40,4,248.00,352.00,41.00,149.00,1
41,1,496.00,396.00,82.00,203.00,1
41,2,52.00,425.00,55.00,110.00,1
41,3,425.00,353.00,54.00,132.00,1
41,4,247.00,352.00,42.00,149.00,1
42,1,506.00,398.00,77.00,202.00,1
42,2,57.00,421.00,52.00,107.00,1
42,3,425.00,352.00,47.00,134.00,1
42,4,241.00,353.00,45.00,149.00,1
43,1,518.00,398.00,80.00,202.00,1
43,2,60.00,419.00,50.00,104.00,1
43,3,425.00,353.00,42.00,128.00,1
43,4,231.00,354.00,56.00,147.00,1
44,1,533.00,398.00,80.00,202.00,1
44,2,62.00,417.00,48.00,106.00,1
44,3,425.00,350.00,39.00,125.00,1
44,4,224.00,356.00,64.00,146.00,1
45,1,547.00,396.00,78.00,203.00,1
45,2,62.00,415.00,48.00,108.00,1
45,3,425.00,349.00,39.00,125.00,1
45,4,220.00,358.00,67.00,144.00,1
46,1,551.00,396.00,84.00,204.00,1
46,2,63.00,414.00,48.00,108.00,1
46,3,427.00,349.00,36.00,124.00,1
46,4,217.00,358.00,67.00,145.00,1
47,1,554.00,394.00,90.00,205.00,1
47,2,62.00,415.00,47.00,106.00,1
47,3,425.00,348.00,36.00,125.00,1
47,4,213.00,360.00,65.00,146.00,1
48,1,559.00,395.00,93.00,204.00,1
48,2,61.00,414.00,50.00,102.00,1
48,3,420.00,349.00,40.00,124.00,1
48,4,216.00,361.00,55.00,148.00,1
49,1,565.00,394.00,91.00,205.00,1
49,2,61.00,414.00,48.00,104.00,1
49,3,414.00,350.00,45.00,123.00,1
49,4,217.00,356.00,49.00,151.00,1
50,1,571.00,394.00,91.00,205.00,1
50,2,61.00,412.00,48.00,105.00,1
50,3,412.00,351.00,45.00,121.00,1
50,4,217.00,356.00,49.00,153.00,1
51,1,580.00,394.00,87.00,205.00,1
51,2,58.00,409.00,49.00,103.00,1
51,3,415.00,350.00,40.00,121.00,1
51,4,216.00,356.00,49.00,153.00,1
52,1,591.00,394.00,80.00,205.00,1
52,2,56.00,409.00,49.00,98.00,1
52,3,417.00,349.00,36.00,121.00,1
52,4,214.00,357.00,50.00,154.00,1
53,1,599.00,394.00,73.00,205.00,1
53,2,55.00,408.00,47.00,94.00,1
53,3,415.00,350.00,36.00,121.00,1
53,4,200.00,356.00,63.00,155.00,1
54,1,608.00,394.00,66.00,205.00,1
54,2,56.00,406.00,48.00,94.00,1
54,3,412.00,349.00,33.00,121.00,1
54,4,190.00,359.00,75.00,152.00,1
55,1,610.00,392.00,68.00,207.00,1
55,2,57.00,406.00,45.00,94.00,1
55,3,407.00,345.00,33.00,115.00,1
55,4,179.00,361.00,87.00,153.00,1
56,1,609.00,392.00,77.00,207.00,1
56,2,58.00,404.00,46.00,95.00,1
56,3,399.00,345.00,39.00,116.00,1
56,4,177.00,364.00,88.00,152.00,1
57,1,612.00,392.00,81.00,207.00,1
57,2,58.00,405.00,45.00,94.00,1
57,3,395.00,344.00,43.00,114.00,1
57,4,179.00,365.00,81.00,152.00,1
58,1,612.00,394.00,86.00,206.00,1
58,2,58.00,404.00,45.00,93.00,1
58,3,392.00,345.00,45.00,116.00,1
58,4,181.00,364.00,72.00,151.00,1
59,1,614.00,394.00,87.00,206.00,1
59,2,60.00,404.00,44.00,92.00,1
59,3,390.00,345.00,45.00,118.00,1
59,4,178.00,366.00,63.00,149.00,1
60,1,619.00,394.00,89.00,205.00,1
60,2,63.00,402.00,42.00,90.00,1
60,3,389.00,345.00,44.00,115.00,1
60,4,173.00,362.00,53.00,153.00,1
61,1,624.00,396.00,95.00,204.00,1
61,2,64.00,400.00,41.00,86.00,1
61,3,388.00,344.00,43.00,113.00,1
61,4,169.00,360.00,51.00,153.00,1
62,1,628.00,396.00,102.00,203.00,1
62,2,66.00,398.00,42.00,87.00,1
62,3,389.00,344.00,39.00,107.00,1
62,4,159.00,360.00,61.00,154.00,1
63,1,644.00,396.00,100.00,203.00,1
63,2,65.00,397.00,43.00,87.00,1
63,3,389.00,343.00,37.00,106.00,1
63,4,133.00,362.00,89.00,152.00,1
64,1,656.00,396.00,97.00,203.00,1
64,2,67.00,398.00,42.00,86.00,1
64,3,390.00,340.00,34.00,109.00,1
64,4,121.00,363.00,102.00,151.00,1
65,1,670.00,396.00,97.00,204.00,1
65,2,66.00,396.00,43.00,87.00,1
65,3,390.00,339.00,33.00,110.00,1
65,4,119.00,362.00,102.00,155.00,1
66,1,676.00,394.00,102.00,205.00,1
66,2,67.00,397.00,42.00,86.00,1
66,3,390.00,338.00,31.00,109.00,1
66,4,122.00,365.00,96.00,156.00,1
67,1,679.00,394.00,105.00,206.00,1
67,2,67.00,396.00,41.00,85.00,1
67,3,386.00,341.00,35.00,108.00,1
67,4,124.00,366.00,83.00,157.00,1
68,1,685.00,392.00,110.00,207.00,1
68,2,68.00,396.00,41.00,86.00,1
68,3,381.00,341.00,39.00,108.00,1
68,4,124.00,368.00,64.00,156.00,1
69,1,692.00,392.00,108.00,207.00,1
69,2,68.00,395.00,42.00,83.00,1
69,3,379.00,343.00,39.00,104.00,1
69,4,114.00,366.00,62.00,157.00,1
70,1,698.00,394.00,102.00,206.00,1
70,2,66.00,392.00,42.00,79.00,1
70,3,381.00,342.00,36.00,103.00,1
70,4,107.00,366.00,62.00,160.00,1
71,1,706.00,394.00,94.00,205.00,1
71,2,64.00,391.00,41.00,78.00,1
71,3,383.00,343.00,32.00,104.00,1
71,4,100.00,364.00,65.00,164.00,1
72,1,712.00,394.00,87.00,206.00,1
72,2,66.00,389.00,38.00,80.00,1
72,3,380.00,341.00,33.00,105.00,1
72,4,94.00,363.00,74.00,164.00,1
73,1,722.00,394.00,78.00,206.00,1
73,2,66.00,389.00,38.00,80.00,1
73,3,378.00,341.00,32.00,104.00,1
73,4,72.00,364.00,98.00,161.00,1
74,1,730.00,394.00,70.00,205.00,1
74,3,374.00,340.00,33.00,100.00,1
74,4,58.00,367.00,111.00,162.00,1
75,1,738.00,394.00,62.00,206.00,1
75,2,68.00,388.00,36.00,69.00,1
75,3,371.00,339.00,36.00,100.00,1
75,4,54.00,369.00,113.00,162.00,1
76,1,740.00,392.00,59.00,207.00,1
76,2,68.00,388.00,36.00,71.00,1
76,3,367.00,337.00,37.00,101.00,1
76,4,56.00,368.00,109.00,168.00,1
77,1,742.00,392.00,58.00,207.00,1
77,2,67.00,388.00,29.00,65.00,1
77,3,366.00,339.00,38.00,100.00,1
77,4,61.00,367.00,97.00,169.00,1
78,1,744.00,393.00,56.00,206.00,1
78,2,67.00,388.00,29.00,65.00,1
78,3,361.00,339.00,41.00,99.00,1
78,4,62.00,367.00,84.00,169.00,1
79,1,744.00,392.00,55.00,207.00,1
79,3,361.00,340.00,40.00,98.00,1
79,4,58.00,368.00,73.00,168.00,1
80,1,748.00,392.00,51.00,207.00,1
80,3,362.00,338.00,38.00,97.00,1
80,4,57.00,366.00,60.00,169.00,1
81,1,748.00,392.00,51.00,207.00,1
81,3,362.00,340.00,35.00,98.00,1
81,4,47.00,367.00,64.00,168.00,1
82,3,362.00,338.00,33.00,93.00,1
82,4,25.00,367.00,89.00,167.00,1
83,2,1.00,369.00,113.00,166.00,1
83,3,362.00,336.00,33.00,95.00,1
83,4,25.00,367.00,89.00,167.00,1
84,2,0.00,370.00,111.00,170.00,1
84,3,364.00,337.00,32.00,96.00,1
85,2,0.00,371.00,104.00,173.00,1
85,3,363.00,336.00,32.00,96.00,1
86,2,0.00,371.00,104.00,173.00,1
86,3,363.00,336.00,30.00,96.00,1
86,4,0.00,373.00,91.00,174.00,1
87,1,188.00,361.00,18.00,46.00,1
87,3,360.00,336.00,31.00,95.00,1
87,4,0.00,373.00,71.00,174.00,1
88,1,188.00,361.00,18.00,46.00,1
88,3,358.00,338.00,31.00,93.00,1
88,4,0.00,370.00,60.00,175.00,1
89,3,361.00,339.00,28.00,94.00,1
89,4,0.00,371.00,57.00,178.00,1
89,10,73.00,380.00,34.00,68.00,1
90,1,0.00,368.00,53.00,181.00,1
90,3,360.00,338.00,26.00,93.00,1
90,4,0.00,371.00,57.00,178.00,1
90,10,71.00,377.00,33.00,67.00,1
91,1,0.00,368.00,53.00,181.00,1
91,2,0.00,370.00,57.00,178.00,1
91,3,358.00,337.00,25.00,93.00,1
91,10,73.00,376.00,31.00,67.00,1
92,2,0.00,372.00,58.00,170.00,1
92,3,357.00,338.00,26.00,90.00,1
92,10,73.00,376.00,31.00,68.00,1
93,2,0.00,371.00,56.00,171.00,1
93,3,353.00,337.00,27.00,88.00,1
93,10,73.00,375.00,31.00,69.00,1
94,2,0.00,375.00,52.00,168.00,1
94,3,351.00,336.00,28.00,88.00,1
94,10,73.00,376.00,31.00,68.00,1
95,2,0.00,375.00,52.00,168.00,1
95,3,345.00,336.00,34.00,88.00,1
95,10,73.00,375.00,31.00,67.00,1
96,3,343.00,334.00,34.00,89.00,1
96,10,74.00,375.00,32.00,67.00,1
97,3,341.00,336.00,35.00,88.00,1
97,10,74.00,375.00,31.00,64.00,1
98,1,76.00,373.00,32.00,63.00,1
98,3,342.00,336.00,34.00,88.00,1
98,10,74.00,375.00,31.00,64.00,1
