3,1,272.00,369.00,50.00,188.00,1
3,2,132.00,353.00,54.00,141.00,1
3,3,206.00,366.00,50.00,180.00,1
4,1,272.00,371.00,50.00,183.00,1
4,2,137.00,352.00,48.00,141.00,1
4,3,195.00,368.00,53.00,178.00,1
5,1,273.00,372.00,49.00,182.00,1
5,2,143.00,351.00,40.00,141.00,1
5,3,196.00,368.00,50.00,177.00,1
6,1,277.00,371.00,55.00,184.00,1
6,2,147.00,352.00,37.00,134.00,1
6,3,184.00,367.00,58.00,187.00,1
7,1,277.00,371.00,56.00,184.00,1
7,2,147.00,352.00,37.00,134.00,1
7,3,184.00,367.00,58.00,187.00,1
8,1,277.00,371.00,56.00,184.00,1
8,2,147.00,352.00,37.00,134.00,1
8,3,184.00,367.00,58.00,187.00,1
9,1,276.00,372.00,60.00,184.00,1
9,2,145.00,351.00,47.00,135.00,1
9,3,177.00,369.00,63.00,187.00,1
10,1,277.00,372.00,61.00,185.00,1
10,2,145.00,351.00,47.00,135.00,1
10,3,170.00,370.00,70.00,189.00,1
11,1,281.00,373.00,58.00,186.00,1
11,3,160.00,376.00,80.00,192.00,1
12,1,294.00,376.00,65.00,194.00,1
12,3,140.00,372.00,92.00,195.00,1
13,1,294.00,376.00,65.00,194.00,1
13,3,136.00,376.00,96.00,191.00,1
14,1,294.00,376.00,65.00,194.00,1
14,3,136.00,377.00,95.00,192.00,1
15,1,296.00,376.00,73.00,200.00,1
15,3,139.00,380.00,79.00,188.00,1
16,1,299.00,376.00,77.00,203.00,1
16,3,143.00,378.00,53.00,189.00,1
17,1,301.00,377.00,81.00,206.00,1
17,2,130.00,379.00,59.00,188.00,1
17,3,143.00,378.00,53.00,189.00,1
18,1,313.00,381.00,74.00,215.00,1
18,2,55.00,382.00,135.00,198.00,1
19,1,313.00,381.00,74.00,215.00,1
19,2,55.00,382.00,135.00,198.00,1
19,3,55.00,381.00,135.00,199.00,1
20,1,313.00,381.00,74.00,215.00,1
20,3,55.00,381.00,135.00,199.00,1
20,4,174.00,349.00,69.00,125.00,1
21,1,312.00,384.00,71.00,216.00,1
21,3,54.00,384.00,128.00,212.00,1
21,4,174.00,349.00,77.00,125.00,1
22,1,312.00,384.00,66.00,213.00,1
22,2,72.00,386.00,97.00,211.00,1
22,3,54.00,384.00,128.00,212.00,1
22,4,176.00,349.00,76.00,125.00,1
23,1,306.00,384.00,70.00,211.00,1
23,2,181.00,351.00,69.00,122.00,1
23,3,73.00,388.00,82.00,212.00,1
23,4,176.00,349.00,76.00,125.00,1
24,1,285.00,388.00,84.00,212.00,1
24,2,31.00,390.00,104.00,210.00,1
24,3,73.00,388.00,82.00,212.00,1
25,1,285.00,386.00,84.00,213.00,1
25,2,31.00,390.00,104.00,210.00,1
25,3,27.00,390.00,107.00,209.00,1
26,1,285.00,386.00,84.00,213.00,1
26,2,218.00,349.00,38.00,116.00,1
26,3,27.00,390.00,107.00,209.00,1
27,1,291.00,388.00,78.00,212.00,1
27,2,224.00,348.00,40.00,117.00,1
27,3,18.00,388.00,108.00,212.00,1
28,1,280.00,390.00,87.00,210.00,1
28,2,222.00,346.00,47.00,119.00,1
28,3,1.00,392.00,127.00,207.00,1
29,1,272.00,392.00,91.00,208.00,1
29,2,223.00,348.00,52.00,118.00,1
29,3,1.00,392.00,127.00,207.00,1
29,4,0.00,393.00,130.00,206.00,1
30,1,275.00,396.00,74.00,203.00,1
30,2,224.00,348.00,63.00,115.00,1
30,4,0.00,404.00,109.00,196.00,1
31,1,275.00,396.00,74.00,203.00,1
31,2,225.00,348.00,63.00,115.00,1
31,4,0.00,404.00,109.00,196.00,1
32,1,275.00,396.00,74.00,203.00,1
32,2,225.00,349.00,63.00,114.00,1
32,4,0.00,404.00,109.00,196.00,1
33,1,278.00,398.00,76.00,201.00,1
33,2,227.00,347.00,60.00,115.00,1
33,4,0.00,404.00,91.00,195.00,1
34,1,282.00,398.00,62.00,201.00,1
34,2,233.00,346.00,53.00,117.00,1
34,4,0.00,406.00,63.00,193.00,1
35,1,275.00,400.00,70.00,200.00,1
35,2,239.00,347.00,46.00,116.00,1
35,4,0.00,406.00,55.00,194.00,1
36,1,261.00,402.00,77.00,198.00,1
36,2,239.00,347.00,46.00,116.00,1
36,4,0.00,406.00,55.00,194.00,1
37,1,261.00,400.00,78.00,200.00,1
38,1,261.00,400.00,78.00,200.00,1
39,1,256.00,398.00,83.00,202.00,1
40,1,250.00,408.00,63.00,191.00,1
40,2,275.00,344.00,39.00,103.00,1
41,1,246.00,410.00,77.00,189.00,1
41,2,281.00,344.00,33.00,103.00,1
42,1,215.00,416.00,105.00,184.00,1
42,2,287.00,342.00,34.00,106.00,1
43,1,215.00,416.00,105.00,184.00,1
43,2,287.00,342.00,34.00,106.00,1
44,1,215.00,416.00,105.00,184.00,1
44,2,287.00,342.00,34.00,106.00,1
45,1,208.00,416.00,107.00,184.00,1
45,2,287.00,342.00,34.00,106.00,1
46,1,198.00,418.00,116.00,182.00,1
46,2,298.00,340.00,36.00,107.00,1
47,1,187.00,418.00,121.00,181.00,1
47,2,296.00,341.00,40.00,108.00,1
48,1,207.00,426.00,104.00,174.00,1
48,2,298.00,344.00,54.00,104.00,1
49,1,207.00,426.00,104.00,174.00,1
49,2,298.00,344.00,54.00,103.00,1
50,1,207.00,426.00,104.00,174.00,1
50,2,298.00,344.00,54.00,103.00,1
51,1,201.00,426.00,108.00,173.00,1
51,2,303.00,342.00,50.00,103.00,1
52,1,207.00,429.00,106.00,170.00,1
52,2,307.00,342.00,46.00,103.00,1
53,1,206.00,428.00,117.00,171.00,1
53,2,307.00,342.00,46.00,103.00,1
54,1,200.00,430.00,142.00,169.00,1
54,2,329.00,338.00,31.00,101.00,1
55,1,200.00,430.00,142.00,169.00,1
55,2,329.00,338.00,31.00,101.00,1
56,1,200.00,430.00,142.00,169.00,1
56,2,329.00,338.00,31.00,101.00,1
57,1,199.00,436.00,131.00,164.00,1
57,2,329.00,339.00,42.00,101.00,1
58,1,201.00,438.00,116.00,161.00,1
58,2,328.00,341.00,49.00,100.00,1
59,1,193.00,440.00,125.00,159.00,1
59,2,330.00,340.00,50.00,99.00,1
60,1,194.00,448.00,120.00,151.00,1
60,2,345.00,340.00,35.00,93.00,1
61,1,193.00,448.00,119.00,151.00,1
61,2,345.00,339.00,36.00,95.00,1
62,1,193.00,448.00,119.00,151.00,1
62,2,345.00,339.00,36.00,95.00,1
63,1,198.00,448.00,108.00,151.00,1
63,2,353.00,341.00,32.00,92.00,1
64,1,187.00,450.00,119.00,150.00,1
64,2,357.00,340.00,33.00,94.00,1
65,1,192.00,448.00,108.00,151.00,1
65,2,357.00,340.00,33.00,94.00,1
66,1,178.00,458.00,135.00,142.00,1
66,2,359.00,338.00,43.00,95.00,1
67,1,178.00,458.00,135.00,142.00,1
67,2,359.00,339.00,43.00,94.00,1
68,1,178.00,457.00,135.00,141.00,1
68,2,359.00,339.00,43.00,94.00,1
69,1,179.00,460.00,130.00,139.00,1
69,2,362.00,338.00,44.00,95.00,1
70,1,181.00,462.00,121.00,137.00,1
70,2,361.00,338.00,43.00,96.00,1
71,1,183.00,465.00,128.00,133.00,1
71,2,365.00,337.00,39.00,95.00,1
72,1,167.00,476.00,151.00,124.00,1
72,2,365.00,337.00,39.00,95.00,1
72,4,384.00,335.00,25.00,93.00,1
73,1,168.00,476.00,152.00,124.00,1
73,4,384.00,335.00,25.00,93.00,1
74,1,168.00,476.00,152.00,124.00,1
74,4,384.00,335.00,25.00,93.00,1
75,1,160.00,476.00,159.00,123.00,1
75,4,385.00,334.00,25.00,93.00,1
76,1,163.00,484.00,150.00,116.00,1
76,4,385.00,336.00,36.00,92.00,1
77,1,158.00,488.00,151.00,111.00,1
77,4,385.00,337.00,41.00,90.00,1
78,1,149.00,510.00,136.00,90.00,1
78,4,397.00,338.00,30.00,86.00,1
79,1,149.00,510.00,136.00,89.00,1
79,4,397.00,338.00,30.00,86.00,1
80,1,149.00,510.00,136.00,89.00,1
80,4,397.00,338.00,30.00,86.00,1
81,1,157.00,516.00,122.00,84.00,1
81,4,402.00,337.00,28.00,86.00,1
82,1,169.00,522.00,105.00,77.00,1
82,4,405.00,334.00,29.00,87.00,1
83,1,169.00,522.00,105.00,77.00,1
83,4,407.00,335.00,29.00,88.00,1
84,4,408.00,335.00,31.00,88.00,1
85,4,408.00,335.00,35.00,88.00,1
86,4,409.00,337.00,38.00,86.00,1
87,4,410.00,337.00,37.00,84.00,1
88,4,414.00,336.00,36.00,85.00,1
89,4,423.00,335.00,27.00,81.00,1
90,4,423.00,335.00,27.00,81.00,1
91,4,423.00,335.00,27.00,81.00,1
92,4,423.00,335.00,27.00,81.00,1
93,4,429.00,333.00,25.00,83.00,1
94,4,431.00,334.00,30.00,82.00,1
95,4,431.00,334.00,33.00,81.00,1
96,4,431.00,334.00,33.00,81.00,1
97,4,432.00,334.00,34.00,81.00,1
98,4,432.00,334.00,34.00,81.00,1
